2
20240901
190022372
190032620
190040488
190045793
200062464
200078055
200103484
200176407
200187076
210257987
210259070
210266347
210348958
210377992
210388740
210422617
210456222
210484325
210511004
210538221
210557919
210563559
210565607
210580729
220589426
220850370
220858766
220871111
230904919
230906285
230933602
230955224
230983209
231002351
231003585
231032265
231061768
231065067
231106091
231117512
231122032
231122524
231126219
231135587
231143999
231147575
231149680
231152984
231155118
231158654
231167354
231167371
231168506
231176042
231176806
231183462
231188511
231189269
231192122
231194430
231196436
231200232
231202443
231210485
231210502
231214747
231214991
231215705
231216031
231220363
231226334
231227683
231230282
231230463
241239359
241244911
241246178
241246746
241247745
241250858
241251579
241256119
241256122
241258598
241259200
241264676
241265032
241277551
241277833
241277902
241277909
241281410
241281867
241283298
241289004
241290301
241290751
241291069
241292175
241294414
241294776
241295143
241296177
241297515
241301436
241303700
241309752
241311817
241312092
241313015
241314256
241314655
241318468
241319058
241321544
241329419
241332296
241332608
241334158
241345618
250318001
250327001
251805349
2024023004
2024041601
2024042302
2311587654
2312113333
2312118905
2312154543
2312172153
2312234763
2401022191
2401078926
20230729003
20240119006
20240401601
20240415002
20240417002
20240422001
20240422002
20240423001
20240423003
20240424001
20240425001
20240425002
20240426001
20240426003
20240428001
20240428002
20240428003
20240429001
20240429002
20240430001
20240430002
20240506001
20240506002
20240506003
20240506004
20240507002
20240507003
20240508001
20240509001
20240509002
20240509003
20240510001
20240510002
20240510003
20240511001
20240511002
20240511003
20240513001
20240513002
20240514001
20240514002
20240514003
20240515001
20240515002
20240515003
20240517001
20240517003
20240520001
20240520002
20240520003
20240520004
20240521001
20240521002
20240521003
20240521004
20240522001
20240522002
20240523001
20240523002
20240523003
20240523005
20240524001
20240524002
20240527001
20240527002
20240527004
20240528001
20240528002
20240528003
20240529001
20240529002
20240529003
20240529004
20240530001
20240531001
20240531002
20240531003
20240531004
20240531005
20240603001
20240603002
20240603003
20240603004
20240603005
20240603006
20240604001
20240604002
20240608001
20240611001
20240611002
20240612003
20240612004
20240612005
20240613001
20240614003
20240614004
20240617001
20240618001
20240619001
20240619002
20240619003
20240620001
20240621001
20240621002
20240621003
20240622001
20240624001
20240624002
20240625001
20240625002
20240626001
20240627001
20240628001
20240628002
20240701001
20240701002
20240701003
20240701004
20240701005
20240701006
20240702001
20240702002
20240702003
20240702005
20240702006
20240704001
20240704002
20240704004
20240705001
20240705002
20240708001
20240708002
20240709001
20240709002
20240709003
20240709004
20240711001
20240711002
20240712001
20240715001
20240715002
20240716001
20240716002
20240716003
20240717001
20240717002
20240717003
20240717004
20240718001
20240718002
20240718003
20240719001
20240722001
20240722002
20240722003
20240722004
20240723001
20240723002
20240723003
20240723004
20240723005
20240724001
20240724002
20240724003
20240724004
20240725001
20240726001
20240726002
20240729001
20240729002
20240730001
20240730002
20240730003
20240731001
20240802002
20240805001
20240805002
20240805003
20240805004
20240805005
20240805006
20240805007
20240805008
20240806001
20240806002
20240806003
20240807001
20240807002
20240807003
20240808001
20240808002
20240809001
20240812001
20240812002
20240812003
20240812004
20240813001
20240813002
20240814001
20240814002
20240815001
20240815002
20240816001
20240816002
20240819001
20240820002
20240821001
20240821002
20240822001
20240823001
20240824001
20240826001
20240826002
20240827001
20240827002
20240828001
20240830001
20240830002
20240830003
20240831001
20240831002
20240901001
20240903001
20240903002
20240904001
20240904002
20240905001
20240905002
20240906001
20240908002
20240908003
20240908004
20240909001
20240910001
20240910002
20240910003
20240911001
20240911002
20240912001
20240915001
20240918001
20240918002
20240918003
20240918004
20240919001
20240919002
20240919003
20240920001
20240923001
20240923002
20240924001
20240924002
20240925001
20240925002
20240925003
20240926001
20240926002
20240927001
20240927002
20240927003
20240929001
20240930001
20241002001
20241005001
20241005002
20241006001
20241008001
20241008002
20241008003
20241009001
20241009002
20241009003
20241009004
20241009005
20241010001
20241010002
20241011001
20241011002
20241011003
20241012001
20241014001
20241014002
20241015001
20241016001
20241016002
20241017001
20241018001
20241019001
20241020001
20241021001
20241021002
20241023001
20241023002
20241023003
20241024002
20241025001
20241025002
20241026001
20241026002
20241027001
20241028001
20241028002
20241028003
20241028004
20241029001
20241030001
20241030002
20241030004
20241030005
20241031001
20241101001
20241104001
20241106001
20241106002
20241106003
20241107001
20241108001
20241111001
20241111002
20241111003
20241111005
20241111006
20241111007
20241112002
20241112003
20241113001
20241114001
20241115001
20241117001
20241117002
20241117003
20241118001
20241118002
20241118003
20241118004
20241119001
20241119002
20241119003
20241120001
20241120003
20241121001
20241122001
20241123001
20241125001
20241125002
20241125003
20241125004
20241126001
20241126002
20241126003
20241127001
20241127002
20241129001
20241202001
20241202002
20241202003
20241202004
20241202005
20241204001
20241204002
20241204003
20241205001
20241205002
20241206001
20241206002
20241206003
20241208001
20241208002
20241209001
20241209002
20241209003
20241210001
20241210002
20241210003
20241210004
20241210005
20241211001
20241211002
20241211003
20241211004
20241212001
20241212002
20241215001
20241215002
20241216001
20241216002
20241216003
20241216004
20241217001
20241217002
20241217003
20241217004
20241218001
20241218002
20241218003
20241218004
20241219001
20241219002
20241220002
20241223001
20241223002
20241223003
20241223004
20241223005
20241223006
20241223007
20241223008
20241225001
20241225002
20241225003
20241225004
20241226001
20241226002
20241226003
20241226004
20241227001
20241227002
20241230001
20241230002
20241230003
20241230004
20241230005
20241231001
20250101001
20250101002
20250102001
20250102002
20250102003
20250102004
20250105001
20250106001
20250106002
20250106003
20250106005
20250106006
20250108002
20250108003
20250109001
20250109002
20250109003
20250110002
20250110003
20250110004
20250113001
20250113002
20250113003
20250113004
20250113005
20250114001
20250114002
20250114003
20250114005
20250115002
20250115003
20250116001
20250116002
20250116003
20250116004
20250117001
20250117002
20250117003
20250117005
20250119001
20250119002
20250119004
20250120001
20250120002
20250120003
20250120004
20250120005
20250120006
20250122001
20250124001
20250126001
20250126002
20250126003
20250201001
20250201002
20250205001
20250205002
20250205003
20250205004
20250207001
20250207002
20250207003
20250208001
20250208002
20250208003
20250208004
20250210001
20250210002
20250210003
20250210004
20250210005
20250210006
20250211001
20250212001
20250212004
20250213001
20250213002
20250214001
20250216002
20250217001
20250217002
20250217003
20250217004
20250217005
20250217006
20250217007
20250217008
20250217009
20250217010
20250217011
20250219001
20250220001
20250220002
20250221001
20250221002
20250221003
20250221004
20250221005
20250221006
20250222001
20250222002
20250223003
20250223004
20250224001
20250224002
20250224003
20250224004
20250225002
20250225003
20250225005
20250226001
20250226002
20250226003
20250226004
20250227001
20250227003
20250228001
20250228002
20250228003
20250228004
20250303001
20250303002
20250303003
20250305001
20250305002
20250305003
20250305004
20250306001
20250306002
20250306003
20250306004
20250307001
20250308002
20250309001
20250309002
20250310001
20250310002
20250310003
20250310004
20250310005
20250310006
20250311001
20250311002
20250312001
20250312003
20250313001
20250314001
20250315001
20250316002
20250316003
20250317001
20250317002
20250317004
20250317005
20250319001
20250319002
20250319003
20250319004
20250319005
20250320001
20250320004
20250320005
20250320006
20250321001
20250321002
20250321004
20250322001
20250322002
20250324001
20250324002
20250324003
20250324004
20250325001
20250326001
20250326002
20250327002
20250327003
20250327004
20250328001
20250328002
20250328003
20250328004
20250328005
20250329001
20250329002
20250329003
20250330001
20250330002
20250330003
20250331001
20250331002
20250401001
20250401002
20250401003
20250401004
20250402001
20250402002
20250402003
20250403001
20250403002
20250403003
20250404001
20250404002
20250404003
20250407001
20250407002
20250407003
20250407004
20250408001
20250408003
20250408004
20250409001
20250409002
20250409003
20250409004
20250410001
20250411001
20250411003
20250411005
20250411007
20250413001
20250413002
20250413004
20250413005
20250413006
20250413007
20250414002
20250414003
20250415001
20250415003
20250416001
20250416002
20250416004
20250416005
20250417001
20250417003
20250417004
20250418001
20250418002
20250418003
20250418004
20250418005
20250419001
20250419002
20250420001
20250420002
20250420003
20250420004
20250420005
20250420006
20250421001
20250421003
20250422001
20250422002
20250423001
20250423002
20250424001
20250424002
20250424003
20250424004
20250424005
20250424006
20250425001
20250425002
20250425004
20250427001
20250427003
20250428001
20250428003
20250428004
20250428006
20250429001
20250429002
20250429003
20250430001
20250501001
20250501002
20250501003
20250501004
20250502001
20250506001
20250506002
20250506003
20250506005
20250507001
20250507002
20250507003
20250507004
20250508001
20250508002
20250508003
20250508004
20250508005
20250509001
20250509002
20250509003
20250509005
20250511001
20250511002
20250511003
20250511004
20250512001
20250512002
20250512003
20250512004
20250513001
20250513002
20250514001
20250514002
20250514003
20250514004
20250514005
20250515001
20250515002
20250515003
20250516001
20250516002
20250516003
20250516004
20250518001
20250518002
20250519001
20250519002
20250519003
20250520002
20250521001
20250522001
20250522002
20250523001
20250525001
20250525002
20250525003
20250525004
20250526001
20250526002
20250528001
20250529001
20250529002
20250529003
20250530001
20250531001
20250531002
20250602001
20250602002
20250603001
20250604001
20250604002
20250604003
20250604004
20250605001
20250605002
20250608001
20250608002
20250608003
20250608004
20250609001
20250609002
20250611001
20250611002
20250611003
20250611004
20250612001
20250612002
20250614001
20250616001
20250616002
20250617001
20250618001
20250618002
20250618003
20250619001
20250619002
20250620001
20250620002
20250620003
20250620004
20250621001
20250621002
20250622001
20250622002
20250622003
20250623001
20250623002
20250623003
20250624001
20250625001
20250625002
20250626001
20250626002
20250626003
20250629001
20250629002
20250629004
20250629005
20250701001
20250702001
20250703001
20250703002
20250704001
20250705001
20250706001
20250706002
20250708001
20250708002
20250708003
20250708004
20250710001
20250710002
20250710003
20250710004
20250711001
20250711002
20250713001
20250713002
20250713003
20250713004
20250714001
20250716001
20250717002
20250717003
20250717004
20250718001
20250719001
20250720001
20250720002
20250720003
20250720004
20250721001
20250722001
20250722002
20250722003
20250723001
20250723002
20250723003
20250724001
20250724002
20250724003
20250725001
20250725002
20250727001
20250728001
20250729001
20250730001
20250730002
20250804001
20250804002
20250804003
20250804004
20250804005
20250804006
20250805001
20250806001
20250806002
20250806004
20250807001
20250808001
20250808002
20250809001
20250810001
20250811001
20250811003
20250812001
20250812002
20250813001
20250813002
20250814001
20250815001
20250815002
20250818001
20250819001
20250819002
20250820001
20250820002
20250821001
20250821002
20250822001
20250822002
20250823001
20250824001
20250825001
20250825002
20250827001
20250827002
20250827003
20250828002
20250828003
20250828004
20250828005
20250829001
20250829002
20250831001
20250831002
20250901001
20250903001
20250903002
20250904001
20250904002
20250905001
20250905002
20250905003
20250905004
20250906001
20250908001
20250909001
20250910001
20250911001
20250911002
20250911003
20250912001
20250914001
20250915001
20250915002
20250915003
20250917001
20250917002
20250918001
20250918002
20250921002
20250921003
20250922001
20250922002
20250924001
20250925001
20250929001
20251015001
20251112001
22250331003
202050308001
202140606001
202140614002
202141014003
202405070001
202409013002
202411001001
202500303004
202500606001
209241120004
